<?xml version='1.0' encoding='utf-8'?>
<opencv_storage><CameraMatrix type_id="opencv-matrix"><rows>3</rows><cols>3</cols><dt>f</dt><data> 0.1 0.0 0.0
 669290998116.813 0.0 9685492862212.684
0.0 489.21286890592773 215.44085985693653 
</data></CameraMatrix><DistortionCoeffs type_id="opencv-matrix"><rows>5</rows><cols>1</cols><dt>f</dt><data>-0.36415589155984346
0.1624448057580777
0.0012027548606610148
-6.556988101590787e-05
-0.024075322812462344
</data></DistortionCoeffs></opencv_storage>