<?xml version='1.0' encoding='utf-8'?>
<opencv_storage><CameraMatrix type_id="opencv-matrix"><rows>3</rows><cols>3</cols><dt>f</dt><data>479.57505927969675 0.0 317.4469948219652
0.0 477.9795668645703 232.67273014363232
0.0 0.0 1.0
</data></CameraMatrix><DistortionCoeffs type_id="opencv-matrix"><rows>5</rows><cols>1</cols><dt>f</dt><data>-0.4203894377748738
0.4363668952490806
0.0012368756689923486
0.005417726086707441
-0.17334022808062743
</data></DistortionCoeffs><RVecs type_id="opencv-matrix"><rows>3</rows><cols>1</cols><dt>f</dt><data>-1.6251081649274757
0.05360575797620463
0.033337025841232076
</data></RVecs><TVecs type_id="opencv-matrix"><rows>3</rows><cols>1</cols><dt>f</dt><data>-16.23086651631504
147.42137079950174
360.2340665172806
</data></TVecs></opencv_storage>