<?xml version='1.0' encoding='utf-8'?>
<opencv_storage><CameraMatrix type_id="opencv-matrix"><rows>3</rows><cols>3</cols><dt>f</dt><data>488.2286426668296 0.0 327.7778749262239
0.0 490.53924392147286 227.76441091985652
0.0 0.0 1.0
</data></CameraMatrix><DistortionCoeffs type_id="opencv-matrix"><rows>5</rows><cols>1</cols><dt>f</dt><data>-0.36015360958536874
0.18152971453715494
0.00015856215024800575
2.4590964238028616e-06
-0.055047319375074254
</data></DistortionCoeffs><RVecs type_id="opencv-matrix"><rows>3</rows><cols>1</cols><dt>f</dt><data>-1.5984543283909212
0.03473288491945663
0.02843994394675741
</data></RVecs><TVecs type_id="opencv-matrix"><rows>3</rows><cols>1</cols><dt>f</dt><data>-240.97789343921656
1472.634147561056
3623.6074174574796
</data></TVecs></opencv_storage>