<?xml version='1.0' encoding='utf-8'?>
<opencv_storage><CameraMatrix type_id="opencv-matrix"><rows>3</rows><cols>3</cols><dt>f</dt><data>488.22864265766964 0.0 327.77787492889564
0.0 490.53924392685093 227.76441062926395
0.0 0.0 1.0
</data></CameraMatrix><DistortionCoeffs type_id="opencv-matrix"><rows>5</rows><cols>1</cols><dt>f</dt><data>-0.3601536087781818
0.18152971149238667
0.00015856217746904866
2.4591047760654065e-06
-0.05504731632952699
</data></DistortionCoeffs><RVecs type_id="opencv-matrix"><rows>3</rows><cols>1</cols><dt>f</dt><data>-1.5972937231912956
0.03835787957619954
0.024809723165600456
</data></RVecs><TVecs type_id="opencv-matrix"><rows>3</rows><cols>1</cols><dt>f</dt><data>-23.034263180427125
140.94510477728235
347.3059347477781
</data></TVecs></opencv_storage>