<?xml version='1.0' encoding='utf-8'?>
<opencv_storage><CameraMatrix type_id="opencv-matrix"><rows>3</rows><cols>3</cols><dt>f</dt><data>488.2380426768967 0.0 324.3061061027213
0.0 490.4083193468558 230.62361889135292
0.0 0.0 1.0
</data></CameraMatrix><DistortionCoeffs type_id="opencv-matrix"><rows>5</rows><cols>1</cols><dt>f</dt><data>-0.34693416097492846
0.1395234260646636
-0.00028822994994424087
6.508277945127521e-05
-0.014778951575291181
</data></DistortionCoeffs><RVecs type_id="opencv-matrix"><rows>3</rows><cols>1</cols><dt>f</dt><data>-1.6034478548886248
0.039149858265413624
0.033554294696776565
</data></RVecs><TVecs type_id="opencv-matrix"><rows>3</rows><cols>1</cols><dt>f</dt><data>-213.8986290518588
1454.007174067933
3640.51368953473
</data></TVecs></opencv_storage>