<?xml version='1.0' encoding='utf-8'?>
<opencv_storage><CameraMatrix type_id="opencv-matrix"><rows>3</rows><cols>3</cols><dt>f</dt><data>487.8615573331008 0.0 333.77174480833474
0.0 490.30059683114047 221.4403044113508
0.0 0.0 1.0
</data></CameraMatrix><DistortionCoeffs type_id="opencv-matrix"><rows>5</rows><cols>1</cols><dt>f</dt><data>-0.33930380200831206
0.10728298001901261
0.0008930852365836104
-0.0010887132946098485
0.01690505108685591
</data></DistortionCoeffs><RVecs type_id="opencv-matrix"><rows>3</rows><cols>1</cols><dt>f</dt><data>-1.6210859029347107
0.0254788842983824
0.01694946624807964
</data></RVecs><TVecs type_id="opencv-matrix"><rows>3</rows><cols>1</cols><dt>f</dt><data>-2.5059433880976614
13.257316965972812
31.379411399365214
</data></TVecs></opencv_storage>