<?xml version='1.0' encoding='utf-8'?>
<opencv_storage><CameraMatrix type_id="opencv-matrix"><rows>3</rows><cols>3</cols><dt>f</dt><data>488.13555783242873 0.0 321.428517084439
0.0 489.07796638635074 241.72774125943428
0.0 0.0 1.0
</data></CameraMatrix><DistortionCoeffs type_id="opencv-matrix"><rows>5</rows><cols>1</cols><dt>f</dt><data>-0.34602377356141484
0.058682154318757486
-0.00041383986335246243
0.001624121516969299
0.16167331266342477
</data></DistortionCoeffs><RVecs type_id="opencv-matrix"><rows>3</rows><cols>1</cols><dt>f</dt><data>-1.5667967345833234
0.05244585395270303
0.030786190507963315
</data></RVecs><TVecs type_id="opencv-matrix"><rows>3</rows><cols>1</cols><dt>f</dt><data>-192.13522516272752
1368.1318768268475
3656.8798803808804
</data></TVecs></opencv_storage>