<?xml version='1.0' encoding='utf-8'?>
<opencv_storage><CameraMatrix type_id="opencv-matrix"><rows>3</rows><cols>3</cols><dt>f</dt><data>486.2122682945869 0.0 318.611899092966
0.0 489.21286890592773 215.44085985693653
0.0 0.0 1.0
</data></CameraMatrix><DistortionCoeffs type_id="opencv-matrix"><rows>5</rows><cols>1</cols><dt>f</dt><data>-0.36415589155984346
0.1624448057580777
0.0012027548606610148
-6.556988101590787e-05
-0.024075322812462344
</data></DistortionCoeffs><RVecs type_id="opencv-matrix"><rows>3</rows><cols>1</cols><dt>f</dt><data>-1.631614486519196
0.05124154405750979
0.03993934572603695
</data></RVecs><TVecs type_id="opencv-matrix"><rows>3</rows><cols>1</cols><dt>f</dt><data>-1.4713827541138875
13.640833788914176
31.135781976394256
</data></TVecs></opencv_storage>