<?xml version='1.0' encoding='utf-8'?>
<opencv_storage><CameraMatrix type_id="opencv-matrix"><rows>3</rows><cols>3</cols><dt>f</dt><data> 0.1 0.0 0.0
 11906688038.603 0.0 62356325913290.105
0.0 503.6315311847534 223.62185992163518 
</data></CameraMatrix><DistortionCoeffs type_id="opencv-matrix"><rows>5</rows><cols>1</cols><dt>f</dt><data>-0.34111067624424996
0.11864537565907993
0.0042195393302061155
-0.001258875990556265
0.0054033657025469245
</data></DistortionCoeffs></opencv_storage>