<?xml version='1.0' encoding='utf-8'?>
<opencv_storage><CameraMatrix type_id="opencv-matrix"><rows>3</rows><cols>3</cols><dt>f</dt><data>508.54351942363394 0.0 322.0885289585091
0.0 511.6708399563547 225.96888570464057
0.0 0.0 1.0
</data></CameraMatrix><DistortionCoeffs type_id="opencv-matrix"><rows>5</rows><cols>1</cols><dt>f</dt><data>-0.3583686393965612
0.14724072030040006
0.004322901506753233
-0.005257346990585135
-0.004081225906990914
</data></DistortionCoeffs><RVecs type_id="opencv-matrix"><rows>3</rows><cols>1</cols><dt>f</dt><data>-1.056757503559126
-1.3288492632215758
-1.414107631567468
</data></RVecs><TVecs type_id="opencv-matrix"><rows>3</rows><cols>1</cols><dt>f</dt><data>-6.3200577151466595
11.128859662921503
22.48036900839812
</data></TVecs></opencv_storage>