<?xml version='1.0' encoding='utf-8'?>
<opencv_storage><CameraMatrix type_id="opencv-matrix"><rows>3</rows><cols>3</cols><dt>f</dt><data>511.98324538129333 0.0 224.3967134982627
0.0 530.7412749473604 229.60913349867653
0.0 0.0 1.0
</data></CameraMatrix><DistortionCoeffs type_id="opencv-matrix"><rows>5</rows><cols>1</cols><dt>f</dt><data>-0.00467634223293341
-0.5832173572663921
-3.968385451211818e-05
0.025537688127280068
0.5935480250090581
</data></DistortionCoeffs><RVecs type_id="opencv-matrix"><rows>3</rows><cols>1</cols><dt>f</dt><data>-1.1958826220275123
-1.1764799118020692
-1.3129345818037648
</data></RVecs><TVecs type_id="opencv-matrix"><rows>3</rows><cols>1</cols><dt>f</dt><data>-20.0373869326733
124.04514750947202
283.92086486788435
</data></TVecs></opencv_storage>