<?xml version='1.0' encoding='utf-8'?>
<opencv_storage><CameraMatrix type_id="opencv-matrix"><rows>3</rows><cols>3</cols><dt>f</dt><data>516.4151518049639 0.0 317.8217382098036
0.0 513.9138546460631 278.55707711315034
0.0 0.0 1.0
</data></CameraMatrix><DistortionCoeffs type_id="opencv-matrix"><rows>5</rows><cols>1</cols><dt>f</dt><data>-0.5039910189921749
1.0468003992983321
-0.0024100867694952016
0.010830308716917468
-1.052483277449904
</data></DistortionCoeffs><RVecs type_id="opencv-matrix"><rows>3</rows><cols>1</cols><dt>f</dt><data>-1.0047555017380252
-1.2509466318244793
-1.4473126044759477
</data></RVecs><TVecs type_id="opencv-matrix"><rows>3</rows><cols>1</cols><dt>f</dt><data>-706.5237465735826
988.7752680828637
2633.1227669860264
</data></TVecs></opencv_storage>