<?xml version='1.0' encoding='utf-8'?>
<opencv_storage><CameraMatrix type_id="opencv-matrix"><rows>3</rows><cols>3</cols><dt>f</dt><data> 0.1 0.0 0.0
 6507252466585.143 0.0 3891680322916.005
0.0 505.1937087136555 226.99597618315872 
</data></CameraMatrix><DistortionCoeffs type_id="opencv-matrix"><rows>5</rows><cols>1</cols><dt>f</dt><data>-0.41667298586613755
0.5052695793515042
-3.829079769775955e-05
-0.0001920920819528861
-0.5023222704378911
</data></DistortionCoeffs><RVecs type_id="opencv-matrix"><rows>3</rows><cols>1</cols><dt>f</dt><data>-1.3451549080330005
0.522276930407284
0.5979042342931993
</data></RVecs><TVecs type_id="opencv-matrix"><rows>3</rows><cols>1</cols><dt>f</dt><data>1.2251427769425893
6.308616713684918
41.10327325073047
</data></TVecs></opencv_storage>