<?xml version='1.0' encoding='utf-8'?>
<opencv_storage><CameraMatrix type_id="opencv-matrix"><rows>3</rows><cols>3</cols><dt>f</dt><data>488.27563255553054 0.0 342.98780319958405
0.0 489.7405426984949 219.66654236043777
0.0 0.0 1.0
</data></CameraMatrix><DistortionCoeffs type_id="opencv-matrix"><rows>5</rows><cols>1</cols><dt>f</dt><data>-0.4065314825214771
0.39108558947929983
0.0030410818126449957
0.0021035267065096425
-0.28891695355285935
</data></DistortionCoeffs><RVecs type_id="opencv-matrix"><rows>3</rows><cols>1</cols><dt>f</dt><data>-1.3657823158399098
0.5945246824810992
0.5944546571390947
</data></RVecs><TVecs type_id="opencv-matrix"><rows>3</rows><cols>1</cols><dt>f</dt><data>1.2433964545889409
6.6406690440706475
38.27515920638324
</data></TVecs></opencv_storage>