<?xml version='1.0' encoding='utf-8'?>
<opencv_storage><CameraMatrix type_id="opencv-matrix"><rows>3</rows><cols>3</cols><dt>f</dt><data>497.43623199154644 0.0 331.44066360910955
0.0 498.9772800594657 225.74084476549672
0.0 0.0 1.0
</data></CameraMatrix><DistortionCoeffs type_id="opencv-matrix"><rows>5</rows><cols>1</cols><dt>f</dt><data>-0.3769365459173203
0.24244230474714384
-0.0010854564711867678
0.002588396748966985
-0.06547088521280384
</data></DistortionCoeffs><RVecs type_id="opencv-matrix"><rows>3</rows><cols>1</cols><dt>f</dt><data>-1.3960764307759383
0.6013546158091014
0.6219870931160392
</data></RVecs><TVecs type_id="opencv-matrix"><rows>3</rows><cols>1</cols><dt>f</dt><data>2.0377200751859097
6.180735235743611
38.44425368951941
</data></TVecs></opencv_storage>