<?xml version='1.0' encoding='utf-8'?>
<opencv_storage><CameraMatrix type_id="opencv-matrix"><rows>3</rows><cols>3</cols><dt>f</dt><data>542.3293425351607 0.0 347.9261384617968
0.0 544.1957278383725 205.01413289694852
0.0 0.0 1.0
</data></CameraMatrix><DistortionCoeffs type_id="opencv-matrix"><rows>5</rows><cols>1</cols><dt>f</dt><data>-0.5469413996016713
1.5953066753526584
-0.00396337589158788
0.004331183701050734
-1.9186082944780973
</data></DistortionCoeffs><RVecs type_id="opencv-matrix"><rows>3</rows><cols>1</cols><dt>f</dt><data>-1.3797483301838522
0.5057612173417211
0.5828185366888666
</data></RVecs><TVecs type_id="opencv-matrix"><rows>3</rows><cols>1</cols><dt>f</dt><data>7.629766159181813
89.98452518807778
497.38379472387714
</data></TVecs></opencv_storage>