<?xml version='1.0' encoding='utf-8'?>
<opencv_storage><CameraMatrix type_id="opencv-matrix"><rows>3</rows><cols>3</cols><dt>f</dt><data>523.2536737148179 0.0 329.93336209522715
0.0 528.9689517124726 224.05547803704445
0.0 0.0 1.0
</data></CameraMatrix><DistortionCoeffs type_id="opencv-matrix"><rows>5</rows><cols>1</cols><dt>f</dt><data>-0.482283220502885
0.7372193967599177
-0.0016286608983358947
0.0046974761940842555
-0.5508987371102948
</data></DistortionCoeffs><RVecs type_id="opencv-matrix"><rows>3</rows><cols>1</cols><dt>f</dt><data>-1.3353474095517992
0.5256956002922398
0.606476587810117
</data></RVecs><TVecs type_id="opencv-matrix"><rows>3</rows><cols>1</cols><dt>f</dt><data>259.75084910114504
759.3906104491579
5004.814474973735
</data></TVecs></opencv_storage>