<?xml version='1.0' encoding='utf-8'?>
<opencv_storage><CameraMatrix type_id="opencv-matrix"><rows>3</rows><cols>3</cols><dt>f</dt><data>522.3824694631878 0.0 285.52622283011317
0.0 537.1351272698897 249.6519519024147
0.0 0.0 1.0
</data></CameraMatrix><DistortionCoeffs type_id="opencv-matrix"><rows>5</rows><cols>1</cols><dt>f</dt><data>-0.07425311158430882
-0.5694787463016621
-0.015531037463007217
0.01171982786229849
0.6120036061389259
</data></DistortionCoeffs><RVecs type_id="opencv-matrix"><rows>3</rows><cols>1</cols><dt>f</dt><data>-1.3639210874676482
-0.5474346325049833
-0.6406826495959576
</data></RVecs><TVecs type_id="opencv-matrix"><rows>3</rows><cols>1</cols><dt>f</dt><data>-3.9701852515807508
7.282386350253137
38.34984207140681
</data></TVecs></opencv_storage>