<?xml version='1.0' encoding='utf-8'?>
<opencv_storage><CameraMatrix type_id="opencv-matrix"><rows>3</rows><cols>3</cols><dt>f</dt><data>535.4942063487296 0.0 337.42125445821245
0.0 544.4351899528399 255.62550804362266
0.0 0.0 1.0
</data></CameraMatrix><DistortionCoeffs type_id="opencv-matrix"><rows>5</rows><cols>1</cols><dt>f</dt><data>-0.43749217588937117
0.9088046131602848
-0.008528266733223338
0.00874446866192857
-0.8011013876241242
</data></DistortionCoeffs><RVecs type_id="opencv-matrix"><rows>3</rows><cols>1</cols><dt>f</dt><data>-1.321383716659105
-0.6312003219737388
-0.7033496450317741
</data></RVecs><TVecs type_id="opencv-matrix"><rows>3</rows><cols>1</cols><dt>f</dt><data>-918.6477248838906
821.523700662942
4573.351570043319
</data></TVecs></opencv_storage>