<?xml version='1.0' encoding='utf-8'?>
<opencv_storage><CameraMatrix type_id="opencv-matrix"><rows>3</rows><cols>3</cols><dt>f</dt><data> 0.1 0.0 0.0
 73664748112628.603 0.0 7733227574015.415
0.0 527.2191206026938 250.67765242635568 
</data></CameraMatrix><DistortionCoeffs type_id="opencv-matrix"><rows>5</rows><cols>1</cols><dt>f</dt><data>-0.20820099819335916
-0.06416694178767639
-0.011512942732149381
0.00813510899690013
0.07629182531681232
</data></DistortionCoeffs></opencv_storage>