<?xml version='1.0' encoding='utf-8'?>
<opencv_storage><CameraMatrix type_id="opencv-matrix"><rows>3</rows><cols>3</cols><dt>f</dt><data>508.78167903107243 0.0 320.19653973114674
0.0 514.6562310207022 247.97586909480836
0.0 0.0 1.0
</data></CameraMatrix><DistortionCoeffs type_id="opencv-matrix"><rows>5</rows><cols>1</cols><dt>f</dt><data>-0.2677846096345604
0.07549075601388282
-0.002040900194055399
0.005115973811099019
-0.05709497421074861
</data></DistortionCoeffs><RVecs type_id="opencv-matrix"><rows>3</rows><cols>1</cols><dt>f</dt><data>-1.351352394154144
-0.6171363660600199
-0.6624959642509879
</data></RVecs><TVecs type_id="opencv-matrix"><rows>3</rows><cols>1</cols><dt>f</dt><data>-6.385122047081818
6.86343494135889
33.975232192774946
</data></TVecs></opencv_storage>